name: CPPaper
channels:
  - defaults
dependencies:
  - blas=1.0=mkl
  - ca-certificates=2018.03.07=0
  - certifi=2018.8.24=py35_1
  - cycler=0.10.0=py35hc4d5149_0
  - dbus=1.13.2=h714fa37_1
  - et_xmlfile=1.0.1=py35hde8d43e_0
  - expat=2.2.6=he6710b0_0
  - fontconfig=2.13.0=h9420a91_0
  - freetype=2.9.1=h8a8886c_1
  - glib=2.56.2=hd408876_0
  - gst-plugins-base=1.14.0=hbbd80ab_1
  - gstreamer=1.14.0=hb453b48_1
  - icu=58.2=h9c2bf20_1
  - intel-openmp=2019.1=144
  - jdcal=1.4=py35_0
  - jpeg=9b=h024ee3a_2
  - kiwisolver=1.0.1=py35hf484d3e_0
  - libedit=3.1.20170329=h6b74fdf_2
  - libffi=3.2.1=hd88cf55_4
  - libgcc-ng=8.2.0=hdf63c60_1
  - libgfortran-ng=7.3.0=hdf63c60_0
  - libpng=1.6.35=hbc83047_0
  - libstdcxx-ng=8.2.0=hdf63c60_1
  - libuuid=1.0.3=h1bed415_2
  - libxcb=1.13=h1bed415_1
  - libxml2=2.9.8=h26e45fe_1
  - matplotlib=3.0.0=py35h5429711_0
  - mkl=2018.0.3=1
  - mkl-service=1.1.2=py35h90e4bf4_5
  - mkl_fft=1.0.6=py35h7dd41cf_0
  - mkl_random=1.0.1=py35h4414c95_1
  - ncurses=6.1=he6710b0_1
  - numpy=1.15.2=py35h1d66e8a_0
  - numpy-base=1.15.2=py35h81de0dd_0
  - openpyxl=2.5.6=py35_0
  - openssl=1.0.2p=h14c3975_0
  - pandas=0.23.4=py35h04863e7_0
  - pcre=8.42=h439df22_0
  - pip=10.0.1=py35_0
  - pyparsing=2.2.1=py35_0
  - pyqt=5.9.2=py35h05f1152_2
  - python=3.5.6=hc3d631a_0
  - python-dateutil=2.7.3=py35_0
  - pytz=2018.5=py35_0
  - qt=5.9.6=h8703b6f_2
  - readline=7.0=h7b6447c_5
  - setuptools=40.2.0=py35_0
  - sip=4.19.8=py35hf484d3e_0
  - six=1.11.0=py35_1
  - sqlite=3.26.0=h7b6447c_0
  - tk=8.6.8=hbc83047_0
  - tornado=5.1.1=py35h7b6447c_0
  - wheel=0.31.1=py35_0
  - xlrd=1.1.0=py35_1
  - xz=5.2.4=h14c3975_4
  - zlib=1.2.11=h7b6447c_3
  - pip:
    - absl-py==0.7.0
    - astor==0.7.1
    - bleach==1.5.0
    - edward==1.3.4
    - enum34==1.1.6
    - frozendict==1.2
    - gast==0.2.2
    - grpcio==1.18.0
    - h5py==2.9.0
    - html5lib==0.9999999
    - keras-applications==1.0.6
    - keras-preprocessing==1.0.5
    - lasagne==0.2.dev1
    - markdown==3.0.1
    - mido==1.2.9
    - mock==2.0.0
    - namedlist==1.7
    - pbr==5.2.0
    - protobuf==3.6.1
    - scikit-learn==0.20.2
    - scipy==1.2.0
    - sklearn==0.0
    - tensorboard==1.13.1
    - tensorflow==1.13.1
    - tensorflow-estimator==1.13.0
    - tensorflow-probability==0.5.0
    - tensorflow-tensorboard==0.4.0
    - termcolor==1.1.0
    - theano==1.0.3+unknown
    - tqdm==4.31.1
    - werkzeug==0.14.1

